# Two node ping-pong, importante, nids 6 and 7, one mpi process per node
#---------------------------------------------------
# Benchmarking PingPong
# #processes = 2
#---------------------------------------------------
       #bytes #repetitions      t[usec]   Mbytes/sec
            0         1000         1.48         0.00
            1         1000         1.53         0.62
            2         1000         1.53         1.25
            4         1000         1.51         2.53
            8         1000         1.51         5.04
           16         1000         1.56         9.75
           32         1000         1.57        19.46
           64         1000         1.61        37.88
          128         1000         1.64        74.32
          256         1000         1.68       145.63
          512         1000         1.77       276.10
         1024         1000         1.97       495.70
         2048         1000         2.47       792.34
         4096         1000         3.39      1152.79
         8192         1000         7.72      1012.23
        16384         1000         9.84      1588.31
        32768         1000        11.77      2656.18
        65536          640        22.90      2729.82
       131072          320        39.68      3150.47
       262144          160        53.42      4680.03
       524288           80       102.76      4865.57
      1048576           40       183.43      5451.75
      2097152           20       350.00      5714.31
      4194304           10       701.06      5705.66
