# importante, two-node cray mpi ping pong, mpi process running in lwk, lwk->linux forwarding on each node
#---------------------------------------------------
# Benchmarking PingPong
# #processes = 2
#---------------------------------------------------
       #bytes #repetitions      t[usec]   Mbytes/sec
            0         1000         1.75         0.00
            1         1000         1.76         0.54
            2         1000         1.75         1.09
            4         1000         1.78         2.14
            8         1000         1.80         4.23
           16         1000         1.84         8.30
           32         1000         1.83        16.65
           64         1000         1.85        33.01
          128         1000         1.91        63.98
          256         1000         1.94       125.84
          512         1000         2.05       237.66
         1024         1000         2.53       385.61
         2048         1000         3.16       617.22
         4096         1000         4.36       895.62
         8192         1000        17.26       452.58
        16384         1000        19.73       791.80
        32768         1000        26.52      1178.38
        65536          640        33.83      1847.32
       131072          320        61.33      2038.06
       262144          160        92.67      2697.61
       524288           80       138.84      3601.34
      1048576           40       275.89      3624.65
      2097152           20       548.15      3648.65
      4194304           10      1103.20      3625.82
